# E (eV) pdosup(E)  pdosdw(E) 
-64.472 -0.894E-02 -0.894E-02
-64.372 -0.552E-01 -0.552E-01
-64.272 -0.243E+00 -0.243E+00
-64.172 -0.727E+00 -0.727E+00
-64.072 -0.127E+01 -0.127E+01
-63.972 -0.262E+00 -0.261E+00
-63.872  0.497E+01  0.497E+01
-63.772  0.145E+02  0.145E+02
-63.672  0.226E+02  0.226E+02
-63.572  0.220E+02  0.220E+02
-63.472  0.134E+02  0.134E+02
-63.372  0.414E+01  0.414E+01
-63.272 -0.534E+00 -0.534E+00
-63.172 -0.124E+01 -0.124E+01
-63.072 -0.660E+00 -0.660E+00
-62.972 -0.210E+00 -0.210E+00
-62.872 -0.459E-01 -0.459E-01
-62.772 -0.716E-02 -0.715E-02
-62.672 -0.817E-03 -0.817E-03
-62.572 -0.689E-04 -0.689E-04
-62.472 -0.434E-05 -0.434E-05
-62.372 -0.205E-06 -0.204E-06
-62.272 -0.727E-08 -0.727E-08
-62.172 -0.144E-09 -0.144E-09
-62.072  0.000E+00  0.000E+00
-61.972  0.000E+00  0.000E+00
-61.872  0.000E+00  0.000E+00
-61.772  0.000E+00  0.000E+00
-61.672  0.000E+00  0.000E+00
-61.572  0.000E+00  0.000E+00
-61.472  0.000E+00  0.000E+00
-61.372  0.000E+00  0.000E+00
-61.272  0.000E+00  0.000E+00
-61.172  0.000E+00  0.000E+00
-61.072  0.000E+00  0.000E+00
-60.972  0.000E+00  0.000E+00
-60.872  0.000E+00  0.000E+00
-60.772  0.000E+00  0.000E+00
-60.672  0.000E+00  0.000E+00
-60.572  0.000E+00  0.000E+00
-60.472  0.000E+00  0.000E+00
-60.372  0.000E+00  0.000E+00
-60.272  0.000E+00  0.000E+00
-60.172  0.000E+00  0.000E+00
-60.072  0.000E+00  0.000E+00
-59.972  0.000E+00  0.000E+00
-59.872  0.000E+00  0.000E+00
-59.772  0.000E+00  0.000E+00
-59.672  0.000E+00  0.000E+00
-59.572  0.000E+00  0.000E+00
-59.472  0.000E+00  0.000E+00
-59.372  0.000E+00  0.000E+00
-59.272  0.000E+00  0.000E+00
-59.172  0.000E+00  0.000E+00
-59.072  0.000E+00  0.000E+00
-58.972  0.000E+00  0.000E+00
-58.872  0.000E+00  0.000E+00
-58.772  0.000E+00  0.000E+00
-58.672  0.000E+00  0.000E+00
-58.572  0.000E+00  0.000E+00
-58.472  0.000E+00  0.000E+00
-58.372  0.000E+00  0.000E+00
-58.272  0.000E+00  0.000E+00
-58.172  0.000E+00  0.000E+00
-58.072  0.000E+00  0.000E+00
-57.972  0.000E+00  0.000E+00
-57.872  0.000E+00  0.000E+00
-57.772  0.000E+00  0.000E+00
-57.672  0.000E+00  0.000E+00
-57.572  0.000E+00  0.000E+00
-57.472  0.000E+00  0.000E+00
-57.372  0.000E+00  0.000E+00
-57.272  0.000E+00  0.000E+00
-57.172  0.000E+00  0.000E+00
-57.072  0.000E+00  0.000E+00
-56.972  0.000E+00  0.000E+00
-56.872  0.000E+00  0.000E+00
-56.772  0.000E+00  0.000E+00
-56.672  0.000E+00  0.000E+00
-56.572  0.000E+00  0.000E+00
-56.472  0.000E+00  0.000E+00
-56.372  0.000E+00  0.000E+00
-56.272  0.000E+00  0.000E+00
-56.172  0.000E+00  0.000E+00
-56.072  0.000E+00  0.000E+00
-55.972  0.000E+00  0.000E+00
-55.872  0.000E+00  0.000E+00
-55.772  0.000E+00  0.000E+00
-55.672  0.000E+00  0.000E+00
-55.572  0.000E+00  0.000E+00
-55.472  0.000E+00  0.000E+00
-55.372  0.000E+00  0.000E+00
-55.272  0.000E+00  0.000E+00
-55.172  0.000E+00  0.000E+00
-55.072  0.000E+00  0.000E+00
-54.972  0.000E+00  0.000E+00
-54.872  0.000E+00  0.000E+00
-54.772  0.000E+00  0.000E+00
-54.672  0.000E+00  0.000E+00
-54.572  0.000E+00  0.000E+00
-54.472  0.000E+00  0.000E+00
-54.372  0.000E+00  0.000E+00
-54.272  0.000E+00  0.000E+00
-54.172  0.000E+00  0.000E+00
-54.072  0.000E+00  0.000E+00
-53.972  0.000E+00  0.000E+00
-53.872  0.000E+00  0.000E+00
-53.772  0.000E+00  0.000E+00
-53.672  0.000E+00  0.000E+00
-53.572  0.000E+00  0.000E+00
-53.472  0.000E+00  0.000E+00
-53.372  0.000E+00  0.000E+00
-53.272  0.000E+00  0.000E+00
-53.172  0.000E+00  0.000E+00
-53.072  0.000E+00  0.000E+00
-52.972  0.000E+00  0.000E+00
-52.872  0.000E+00  0.000E+00
-52.772  0.000E+00  0.000E+00
-52.672  0.000E+00  0.000E+00
-52.572  0.000E+00  0.000E+00
-52.472  0.000E+00  0.000E+00
-52.372  0.000E+00  0.000E+00
-52.272  0.000E+00  0.000E+00
-52.172  0.000E+00  0.000E+00
-52.072  0.000E+00  0.000E+00
-51.972  0.000E+00  0.000E+00
-51.872  0.000E+00  0.000E+00
-51.772  0.000E+00  0.000E+00
-51.672  0.000E+00  0.000E+00
-51.572  0.000E+00  0.000E+00
-51.472  0.000E+00  0.000E+00
-51.372  0.000E+00  0.000E+00
-51.272  0.000E+00  0.000E+00
-51.172  0.000E+00  0.000E+00
-51.072  0.000E+00  0.000E+00
-50.972  0.000E+00  0.000E+00
-50.872  0.000E+00  0.000E+00
-50.772  0.000E+00  0.000E+00
-50.672  0.000E+00  0.000E+00
-50.572  0.000E+00  0.000E+00
-50.472  0.000E+00  0.000E+00
-50.372  0.000E+00  0.000E+00
-50.272  0.000E+00  0.000E+00
-50.172  0.000E+00  0.000E+00
-50.072  0.000E+00  0.000E+00
-49.972  0.000E+00  0.000E+00
-49.872  0.000E+00  0.000E+00
-49.772  0.000E+00  0.000E+00
-49.672  0.000E+00  0.000E+00
-49.572  0.000E+00  0.000E+00
-49.472  0.000E+00  0.000E+00
-49.372  0.000E+00  0.000E+00
-49.272  0.000E+00  0.000E+00
-49.172  0.000E+00  0.000E+00
-49.072  0.000E+00  0.000E+00
-48.972  0.000E+00  0.000E+00
-48.872  0.000E+00  0.000E+00
-48.772  0.000E+00  0.000E+00
-48.672  0.000E+00  0.000E+00
-48.572  0.000E+00  0.000E+00
-48.472  0.000E+00  0.000E+00
-48.372  0.000E+00  0.000E+00
-48.272  0.000E+00  0.000E+00
-48.172  0.000E+00  0.000E+00
-48.072  0.000E+00  0.000E+00
-47.972  0.000E+00  0.000E+00
-47.872  0.000E+00  0.000E+00
-47.772  0.000E+00  0.000E+00
-47.672  0.000E+00  0.000E+00
-47.572  0.000E+00  0.000E+00
-47.472  0.000E+00  0.000E+00
-47.372  0.000E+00  0.000E+00
-47.272  0.000E+00  0.000E+00
-47.172  0.000E+00  0.000E+00
-47.072  0.000E+00  0.000E+00
-46.972  0.000E+00  0.000E+00
-46.872  0.000E+00  0.000E+00
-46.772  0.000E+00  0.000E+00
-46.672  0.000E+00  0.000E+00
-46.572  0.000E+00  0.000E+00
-46.472  0.000E+00  0.000E+00
-46.372  0.000E+00  0.000E+00
-46.272  0.000E+00  0.000E+00
-46.172  0.000E+00  0.000E+00
-46.072  0.000E+00  0.000E+00
-45.972  0.000E+00  0.000E+00
-45.872  0.000E+00  0.000E+00
-45.772  0.000E+00  0.000E+00
-45.672  0.000E+00  0.000E+00
-45.572  0.000E+00  0.000E+00
-45.472  0.000E+00  0.000E+00
-45.372  0.000E+00  0.000E+00
-45.272  0.000E+00  0.000E+00
-45.172  0.000E+00  0.000E+00
-45.072  0.000E+00  0.000E+00
-44.972  0.000E+00  0.000E+00
-44.872  0.000E+00  0.000E+00
-44.772  0.000E+00  0.000E+00
-44.672  0.000E+00  0.000E+00
-44.572  0.000E+00  0.000E+00
-44.472  0.000E+00  0.000E+00
-44.372  0.000E+00  0.000E+00
-44.272  0.000E+00  0.000E+00
-44.172  0.000E+00  0.000E+00
-44.072  0.000E+00  0.000E+00
-43.972  0.000E+00  0.000E+00
-43.872  0.000E+00  0.000E+00
-43.772  0.000E+00  0.000E+00
-43.672  0.000E+00  0.000E+00
-43.572  0.000E+00  0.000E+00
-43.472  0.000E+00  0.000E+00
-43.372  0.000E+00  0.000E+00
-43.272  0.000E+00  0.000E+00
-43.172  0.000E+00  0.000E+00
-43.072  0.000E+00  0.000E+00
-42.972  0.000E+00  0.000E+00
-42.872  0.000E+00  0.000E+00
-42.772  0.000E+00  0.000E+00
-42.672  0.000E+00  0.000E+00
-42.572  0.000E+00  0.000E+00
-42.472  0.000E+00  0.000E+00
-42.372  0.000E+00  0.000E+00
-42.272  0.000E+00  0.000E+00
-42.172  0.000E+00  0.000E+00
-42.072  0.000E+00  0.000E+00
-41.972  0.000E+00  0.000E+00
-41.872  0.000E+00  0.000E+00
-41.772  0.000E+00  0.000E+00
-41.672  0.000E+00  0.000E+00
-41.572  0.000E+00  0.000E+00
-41.472  0.000E+00  0.000E+00
-41.372  0.000E+00  0.000E+00
-41.272  0.000E+00  0.000E+00
-41.172  0.000E+00  0.000E+00
-41.072  0.000E+00  0.000E+00
-40.972  0.000E+00  0.000E+00
-40.872  0.000E+00  0.000E+00
-40.772  0.000E+00  0.000E+00
-40.672  0.000E+00  0.000E+00
-40.572  0.000E+00  0.000E+00
-40.472  0.000E+00  0.000E+00
-40.372  0.000E+00  0.000E+00
-40.272  0.000E+00  0.000E+00
-40.172  0.000E+00  0.000E+00
-40.072  0.000E+00  0.000E+00
-39.972  0.000E+00  0.000E+00
-39.872  0.000E+00  0.000E+00
-39.772  0.000E+00  0.000E+00
-39.672  0.000E+00  0.000E+00
-39.572  0.000E+00  0.000E+00
-39.472  0.000E+00  0.000E+00
-39.372  0.000E+00  0.000E+00
-39.272  0.000E+00  0.000E+00
-39.172  0.000E+00  0.000E+00
-39.072  0.000E+00  0.000E+00
-38.972  0.000E+00  0.000E+00
-38.872  0.000E+00  0.000E+00
-38.772  0.000E+00  0.000E+00
-38.672  0.000E+00  0.000E+00
-38.572  0.000E+00  0.000E+00
-38.472  0.000E+00  0.000E+00
-38.372  0.000E+00  0.000E+00
-38.272  0.000E+00  0.000E+00
-38.172  0.000E+00  0.000E+00
-38.072  0.000E+00  0.000E+00
-37.972  0.000E+00  0.000E+00
-37.872  0.000E+00  0.000E+00
-37.772  0.000E+00  0.000E+00
-37.672  0.000E+00  0.000E+00
-37.572  0.000E+00  0.000E+00
-37.472  0.000E+00  0.000E+00
-37.372  0.000E+00  0.000E+00
-37.272  0.000E+00  0.000E+00
-37.172  0.000E+00  0.000E+00
-37.072  0.000E+00  0.000E+00
-36.972  0.000E+00  0.000E+00
-36.872  0.000E+00  0.000E+00
-36.772  0.000E+00  0.000E+00
-36.672  0.000E+00  0.000E+00
-36.572  0.000E+00  0.000E+00
-36.472  0.000E+00  0.000E+00
-36.372  0.000E+00  0.000E+00
-36.272  0.000E+00  0.000E+00
-36.172  0.000E+00  0.000E+00
-36.072  0.000E+00  0.000E+00
-35.972  0.000E+00  0.000E+00
-35.872  0.000E+00  0.000E+00
-35.772  0.000E+00  0.000E+00
-35.672  0.000E+00  0.000E+00
-35.572  0.000E+00  0.000E+00
-35.472  0.000E+00  0.000E+00
-35.372  0.000E+00  0.000E+00
-35.272  0.000E+00  0.000E+00
-35.172  0.000E+00  0.000E+00
-35.072  0.000E+00  0.000E+00
-34.972  0.000E+00  0.000E+00
-34.872  0.000E+00  0.000E+00
-34.772  0.000E+00  0.000E+00
-34.672  0.000E+00  0.000E+00
-34.572  0.000E+00  0.000E+00
-34.472  0.000E+00  0.000E+00
-34.372  0.000E+00  0.000E+00
-34.272  0.000E+00  0.000E+00
-34.172  0.000E+00  0.000E+00
-34.072  0.000E+00  0.000E+00
-33.972  0.000E+00  0.000E+00
-33.872  0.000E+00  0.000E+00
-33.772  0.000E+00  0.000E+00
-33.672  0.000E+00  0.000E+00
-33.572  0.000E+00  0.000E+00
-33.472  0.000E+00  0.000E+00
-33.372  0.000E+00  0.000E+00
-33.272  0.000E+00  0.000E+00
-33.172  0.000E+00  0.000E+00
-33.072  0.000E+00  0.000E+00
-32.972  0.000E+00  0.000E+00
-32.872  0.000E+00  0.000E+00
-32.772  0.000E+00  0.000E+00
-32.672  0.000E+00  0.000E+00
-32.572  0.000E+00  0.000E+00
-32.472  0.000E+00  0.000E+00
-32.372  0.000E+00  0.000E+00
-32.272  0.000E+00  0.000E+00
-32.172  0.000E+00  0.000E+00
-32.072  0.000E+00  0.000E+00
-31.972  0.000E+00  0.000E+00
-31.872  0.000E+00  0.000E+00
-31.772  0.000E+00  0.000E+00
-31.672  0.000E+00  0.000E+00
-31.572  0.000E+00  0.000E+00
-31.472  0.000E+00  0.000E+00
-31.372  0.000E+00  0.000E+00
-31.272  0.000E+00  0.000E+00
-31.172  0.000E+00  0.000E+00
-31.072  0.000E+00  0.000E+00
-30.972  0.000E+00  0.000E+00
-30.872  0.000E+00  0.000E+00
-30.772  0.000E+00  0.000E+00
-30.672  0.000E+00  0.000E+00
-30.572  0.000E+00  0.000E+00
-30.472  0.000E+00  0.000E+00
-30.372  0.000E+00  0.000E+00
-30.272  0.000E+00  0.000E+00
-30.172  0.000E+00  0.000E+00
-30.072  0.000E+00  0.000E+00
-29.972  0.000E+00  0.000E+00
-29.872  0.000E+00  0.000E+00
-29.772  0.000E+00  0.000E+00
-29.672  0.000E+00  0.000E+00
-29.572 -0.328E-12 -0.328E-12
-29.472 -0.162E-10 -0.162E-10
-29.372 -0.442E-09 -0.443E-09
-29.272 -0.912E-08 -0.916E-08
-29.172 -0.142E-06 -0.142E-06
-29.072 -0.165E-05 -0.165E-05
-28.972 -0.142E-04 -0.142E-04
-28.872 -0.906E-04 -0.906E-04
-28.772 -0.412E-03 -0.413E-03
-28.672 -0.130E-02 -0.130E-02
-28.572 -0.249E-02 -0.249E-02
-28.472 -0.140E-02 -0.140E-02
-28.372  0.715E-02  0.716E-02
-28.272  0.249E-01  0.249E-01
-28.172  0.432E-01  0.432E-01
-28.072  0.491E-01  0.491E-01
-27.972  0.421E-01  0.421E-01
-27.872  0.350E-01  0.350E-01
-27.772  0.364E-01  0.364E-01
-27.672  0.421E-01  0.421E-01
-27.572  0.412E-01  0.412E-01
-27.472  0.291E-01  0.291E-01
-27.372  0.127E-01  0.127E-01
-27.272  0.153E-02  0.153E-02
-27.172 -0.207E-02 -0.207E-02
-27.072 -0.166E-02 -0.166E-02
-26.972 -0.676E-03 -0.676E-03
-26.872 -0.181E-03 -0.181E-03
-26.772 -0.340E-04 -0.340E-04
-26.672 -0.464E-05 -0.464E-05
-26.572 -0.466E-06 -0.466E-06
-26.472 -0.348E-07 -0.347E-07
-26.372 -0.194E-08 -0.194E-08
-26.272 -0.810E-10 -0.810E-10
-26.172 -0.255E-11 -0.255E-11
-26.072  0.000E+00  0.000E+00
-25.972  0.000E+00  0.000E+00
-25.872  0.000E+00  0.000E+00
-25.772  0.000E+00  0.000E+00
-25.672  0.000E+00  0.000E+00
-25.572  0.000E+00  0.000E+00
-25.472  0.000E+00  0.000E+00
-25.372  0.000E+00  0.000E+00
-25.272  0.000E+00  0.000E+00
-25.172  0.000E+00  0.000E+00
-25.072  0.000E+00  0.000E+00
-24.972  0.000E+00  0.000E+00
-24.872  0.000E+00  0.000E+00
-24.772  0.000E+00  0.000E+00
-24.672  0.000E+00  0.000E+00
-24.572  0.000E+00  0.000E+00
-24.472  0.000E+00  0.000E+00
-24.372  0.000E+00  0.000E+00
-24.272  0.000E+00  0.000E+00
-24.172  0.000E+00  0.000E+00
-24.072  0.000E+00  0.000E+00
-23.972  0.000E+00  0.000E+00
-23.872  0.000E+00  0.000E+00
-23.772  0.000E+00  0.000E+00
-23.672  0.000E+00  0.000E+00
-23.572  0.000E+00  0.000E+00
-23.472  0.000E+00  0.000E+00
-23.372  0.000E+00  0.000E+00
-23.272  0.000E+00  0.000E+00
-23.172  0.000E+00  0.000E+00
-23.072  0.000E+00  0.000E+00
-22.972  0.000E+00  0.000E+00
-22.872  0.000E+00  0.000E+00
-22.772  0.000E+00  0.000E+00
-22.672  0.000E+00  0.000E+00
-22.572  0.000E+00  0.000E+00
-22.472  0.000E+00  0.000E+00
-22.372  0.000E+00  0.000E+00
-22.272  0.000E+00  0.000E+00
-22.172  0.000E+00  0.000E+00
-22.072  0.000E+00  0.000E+00
-21.972  0.000E+00  0.000E+00
-21.872  0.000E+00  0.000E+00
-21.772  0.000E+00  0.000E+00
-21.672  0.000E+00  0.000E+00
-21.572  0.000E+00  0.000E+00
-21.472  0.000E+00  0.000E+00
-21.372  0.000E+00  0.000E+00
-21.272  0.000E+00  0.000E+00
-21.172  0.000E+00  0.000E+00
-21.072  0.000E+00  0.000E+00
-20.972  0.000E+00  0.000E+00
-20.872  0.000E+00  0.000E+00
-20.772  0.000E+00  0.000E+00
-20.672  0.000E+00  0.000E+00
-20.572  0.000E+00  0.000E+00
-20.472  0.000E+00  0.000E+00
-20.372  0.000E+00  0.000E+00
-20.272  0.000E+00  0.000E+00
-20.172  0.000E+00  0.000E+00
-20.072  0.000E+00  0.000E+00
-19.972  0.000E+00  0.000E+00
-19.872  0.000E+00  0.000E+00
-19.772  0.000E+00  0.000E+00
-19.672  0.000E+00  0.000E+00
-19.572  0.000E+00  0.000E+00
-19.472  0.000E+00  0.000E+00
-19.372  0.000E+00  0.000E+00
-19.272  0.000E+00  0.000E+00
-19.172  0.000E+00  0.000E+00
-19.072  0.000E+00  0.000E+00
-18.972  0.000E+00  0.000E+00
-18.872  0.000E+00  0.000E+00
-18.772  0.000E+00  0.000E+00
-18.672  0.000E+00  0.000E+00
-18.572  0.000E+00  0.000E+00
-18.472  0.000E+00  0.000E+00
-18.372  0.000E+00  0.000E+00
-18.272  0.000E+00  0.000E+00
-18.172  0.000E+00  0.000E+00
-18.072  0.000E+00  0.000E+00
-17.972  0.000E+00  0.000E+00
-17.872  0.000E+00  0.000E+00
-17.772  0.000E+00  0.000E+00
-17.672  0.000E+00  0.000E+00
-17.572  0.000E+00  0.000E+00
-17.472  0.000E+00  0.000E+00
-17.372  0.000E+00  0.000E+00
-17.272  0.000E+00  0.000E+00
-17.172  0.000E+00  0.000E+00
-17.072  0.000E+00  0.000E+00
-16.972  0.000E+00  0.000E+00
-16.872  0.000E+00  0.000E+00
-16.772  0.000E+00  0.000E+00
-16.672  0.000E+00  0.000E+00
-16.572  0.000E+00  0.000E+00
-16.472  0.000E+00  0.000E+00
-16.372  0.000E+00  0.000E+00
-16.272  0.000E+00  0.000E+00
-16.172  0.000E+00  0.000E+00
-16.072  0.000E+00  0.000E+00
-15.972  0.000E+00  0.000E+00
-15.872  0.000E+00  0.000E+00
-15.772  0.000E+00  0.000E+00
-15.672  0.000E+00  0.000E+00
-15.572  0.000E+00  0.000E+00
-15.472  0.000E+00  0.000E+00
-15.372  0.000E+00  0.000E+00
-15.272  0.000E+00  0.000E+00
-15.172  0.000E+00  0.000E+00
-15.072  0.000E+00  0.000E+00
-14.972  0.000E+00  0.000E+00
-14.872  0.000E+00  0.000E+00
-14.772  0.000E+00  0.000E+00
-14.672  0.000E+00  0.000E+00
-14.572  0.000E+00  0.000E+00
-14.472  0.000E+00  0.000E+00
-14.372  0.000E+00  0.000E+00
-14.272  0.000E+00  0.000E+00
-14.172  0.000E+00  0.000E+00
-14.072  0.000E+00  0.000E+00
-13.972  0.000E+00  0.000E+00
-13.872  0.000E+00  0.000E+00
-13.772  0.000E+00  0.000E+00
-13.672  0.000E+00  0.000E+00
-13.572  0.000E+00  0.000E+00
-13.472  0.000E+00  0.000E+00
-13.372  0.000E+00  0.000E+00
-13.272  0.000E+00  0.000E+00
-13.172  0.000E+00  0.000E+00
-13.072  0.000E+00  0.000E+00
-12.972  0.000E+00  0.000E+00
-12.872  0.000E+00  0.000E+00
-12.772  0.000E+00  0.000E+00
-12.672  0.000E+00  0.000E+00
-12.572  0.000E+00  0.000E+00
-12.472  0.000E+00  0.000E+00
-12.372  0.000E+00  0.000E+00
-12.272  0.000E+00  0.000E+00
-12.172  0.000E+00  0.000E+00
-12.072  0.000E+00  0.000E+00
-11.972  0.000E+00  0.000E+00
-11.872  0.000E+00  0.000E+00
-11.772  0.000E+00  0.000E+00
-11.672  0.000E+00  0.000E+00
-11.572  0.000E+00  0.000E+00
-11.472  0.000E+00  0.000E+00
-11.372  0.000E+00  0.000E+00
-11.272  0.000E+00  0.000E+00
-11.172  0.000E+00  0.000E+00
-11.072  0.000E+00  0.000E+00
-10.972  0.000E+00  0.000E+00
-10.872  0.000E+00  0.000E+00
-10.772  0.000E+00  0.000E+00
-10.672  0.000E+00  0.000E+00
-10.572  0.000E+00  0.000E+00
-10.472  0.000E+00  0.000E+00
-10.372  0.000E+00  0.000E+00
-10.272  0.000E+00  0.000E+00
-10.172  0.000E+00  0.000E+00
-10.072  0.000E+00  0.000E+00
 -9.972  0.000E+00  0.000E+00
 -9.872  0.000E+00  0.000E+00
 -9.772  0.000E+00  0.000E+00
 -9.672  0.000E+00  0.000E+00
 -9.572  0.000E+00  0.000E+00
 -9.472  0.000E+00  0.000E+00
 -9.372  0.000E+00  0.000E+00
 -9.272  0.000E+00  0.000E+00
 -9.172  0.000E+00  0.000E+00
 -9.072  0.000E+00  0.000E+00
 -8.972  0.000E+00  0.000E+00
 -8.872  0.000E+00  0.000E+00
 -8.772  0.000E+00  0.000E+00
 -8.672  0.000E+00  0.000E+00
 -8.572  0.000E+00  0.000E+00
 -8.472  0.000E+00  0.000E+00
 -8.372  0.000E+00  0.000E+00
 -8.272  0.000E+00  0.000E+00
 -8.172  0.000E+00  0.000E+00
 -8.072  0.000E+00  0.000E+00
 -7.972  0.000E+00  0.000E+00
 -7.872  0.000E+00  0.000E+00
 -7.772  0.000E+00  0.000E+00
 -7.672  0.000E+00  0.000E+00
 -7.572  0.000E+00  0.000E+00
 -7.472  0.000E+00  0.000E+00
 -7.372  0.000E+00  0.000E+00
 -7.272  0.000E+00  0.000E+00
 -7.172  0.000E+00  0.000E+00
 -7.072  0.000E+00  0.000E+00
 -6.972  0.000E+00  0.000E+00
 -6.872  0.000E+00  0.000E+00
 -6.772  0.000E+00  0.000E+00
 -6.672  0.000E+00  0.000E+00
 -6.572  0.000E+00  0.000E+00
 -6.472  0.000E+00  0.000E+00
 -6.372  0.000E+00  0.000E+00
 -6.272  0.000E+00  0.000E+00
 -6.172  0.000E+00  0.000E+00
 -6.072  0.000E+00  0.000E+00
 -5.972  0.000E+00  0.000E+00
 -5.872  0.000E+00  0.000E+00
 -5.772  0.000E+00  0.000E+00
 -5.672  0.000E+00  0.000E+00
 -5.572 -0.683E-12 -0.683E-12
 -5.472 -0.292E-10 -0.292E-10
 -5.372 -0.803E-09 -0.803E-09
 -5.272 -0.167E-07 -0.167E-07
 -5.172 -0.263E-06 -0.263E-06
 -5.072 -0.312E-05 -0.312E-05
 -4.972 -0.280E-04 -0.280E-04
 -4.872 -0.189E-03 -0.189E-03
 -4.772 -0.941E-03 -0.941E-03
 -4.672 -0.345E-02 -0.345E-02
 -4.572 -0.886E-02 -0.886E-02
 -4.472 -0.140E-01 -0.140E-01
 -4.372 -0.476E-02 -0.475E-02
 -4.272  0.429E-01  0.429E-01
 -4.172  0.144E+00  0.144E+00
 -4.072  0.284E+00  0.284E+00
 -3.972  0.419E+00  0.419E+00
 -3.872  0.505E+00  0.505E+00
 -3.772  0.529E+00  0.529E+00
 -3.672  0.510E+00  0.510E+00
 -3.572  0.477E+00  0.477E+00
 -3.472  0.446E+00  0.446E+00
 -3.372  0.419E+00  0.419E+00
 -3.272  0.391E+00  0.391E+00
 -3.172  0.364E+00  0.364E+00
 -3.072  0.344E+00  0.344E+00
 -2.972  0.334E+00  0.334E+00
 -2.872  0.330E+00  0.330E+00
 -2.772  0.324E+00  0.324E+00
 -2.672  0.313E+00  0.313E+00
 -2.572  0.301E+00  0.301E+00
 -2.472  0.289E+00  0.289E+00
 -2.372  0.270E+00  0.270E+00
 -2.272  0.232E+00  0.232E+00
 -2.172  0.184E+00  0.184E+00
 -2.072  0.143E+00  0.143E+00
 -1.972  0.120E+00  0.120E+00
 -1.872  0.105E+00  0.105E+00
 -1.772  0.870E-01  0.870E-01
 -1.672  0.620E-01  0.620E-01
 -1.572  0.356E-01  0.356E-01
 -1.472  0.144E-01  0.144E-01
 -1.372  0.214E-02  0.214E-02
 -1.272 -0.213E-02 -0.213E-02
 -1.172 -0.210E-02 -0.210E-02
 -1.072 -0.105E-02 -0.105E-02
 -0.972 -0.352E-03 -0.352E-03
 -0.872 -0.856E-04 -0.855E-04
 -0.772 -0.153E-04 -0.153E-04
 -0.672 -0.206E-05 -0.206E-05
 -0.572 -0.208E-06 -0.208E-06
 -0.472 -0.159E-07 -0.159E-07
 -0.372 -0.926E-09 -0.926E-09
 -0.272 -0.408E-10 -0.408E-10
 -0.172 -0.134E-11 -0.133E-11
 -0.072 -0.153E-13 -0.150E-13
  0.028  0.000E+00  0.000E+00
  0.128  0.000E+00  0.000E+00
  0.228  0.000E+00  0.000E+00
  0.328  0.000E+00  0.000E+00
  0.428  0.000E+00  0.000E+00
  0.528  0.000E+00  0.000E+00
  0.628  0.000E+00  0.000E+00
  0.728  0.000E+00  0.000E+00
  0.828  0.000E+00  0.000E+00
  0.928  0.000E+00  0.000E+00
  1.028  0.000E+00  0.000E+00
  1.128  0.000E+00  0.000E+00
  1.228  0.000E+00  0.000E+00
  1.328  0.000E+00  0.000E+00
  1.428  0.000E+00  0.000E+00
  1.528  0.000E+00  0.000E+00
  1.628  0.000E+00  0.000E+00
  1.728  0.000E+00  0.000E+00
  1.828  0.000E+00  0.000E+00
  1.928  0.000E+00  0.000E+00
  2.028  0.000E+00  0.000E+00
  2.128  0.000E+00  0.000E+00
  2.228  0.000E+00  0.000E+00
  2.328  0.000E+00  0.000E+00
  2.428 -0.297E-12 -0.297E-12
  2.528 -0.189E-10 -0.189E-10
  2.628 -0.553E-09 -0.553E-09
  2.728 -0.121E-07 -0.121E-07
  2.828 -0.200E-06 -0.200E-06
  2.928 -0.250E-05 -0.250E-05
  3.028 -0.236E-04 -0.236E-04
  3.128 -0.167E-03 -0.167E-03
  3.228 -0.880E-03 -0.880E-03
  3.328 -0.337E-02 -0.337E-02
  3.428 -0.903E-02 -0.903E-02
  3.528 -0.150E-01 -0.150E-01
  3.628 -0.609E-02 -0.608E-02
  3.728  0.440E-01  0.440E-01
  3.828  0.149E+00  0.149E+00
  3.928  0.286E+00  0.286E+00
  4.028  0.404E+00  0.404E+00
  4.128  0.473E+00  0.473E+00
  4.228  0.508E+00  0.508E+00
  4.328  0.539E+00  0.539E+00
  4.428  0.587E+00  0.587E+00
  4.528  0.643E+00  0.643E+00
  4.628  0.677E+00  0.678E+00
  4.728  0.656E+00  0.656E+00
  4.828  0.575E+00  0.575E+00
  4.928  0.463E+00  0.463E+00
  5.028  0.360E+00  0.360E+00
  5.128  0.288E+00  0.288E+00
  5.228  0.247E+00  0.247E+00
  5.328  0.227E+00  0.227E+00
  5.428  0.218E+00  0.218E+00
  5.528  0.214E+00  0.214E+00
  5.628  0.214E+00  0.214E+00
  5.728  0.211E+00  0.211E+00
  5.828  0.208E+00  0.208E+00
  5.928  0.211E+00  0.211E+00
  6.028  0.226E+00  0.226E+00
  6.128  0.248E+00  0.248E+00
  6.228  0.260E+00  0.260E+00
  6.328  0.251E+00  0.251E+00
  6.428  0.230E+00  0.230E+00
  6.528  0.204E+00  0.204E+00
  6.628  0.177E+00  0.177E+00
  6.728  0.150E+00  0.150E+00
  6.828  0.128E+00  0.128E+00
  6.928  0.109E+00  0.109E+00
  7.028  0.922E-01  0.922E-01
  7.128  0.789E-01  0.789E-01
  7.228  0.698E-01  0.698E-01
  7.328  0.652E-01  0.652E-01
  7.428  0.660E-01  0.660E-01
  7.528  0.726E-01  0.726E-01
  7.628  0.827E-01  0.827E-01
  7.728  0.932E-01  0.932E-01
  7.828  0.103E+00  0.103E+00
  7.928  0.110E+00  0.110E+00
  8.028  0.111E+00  0.111E+00
  8.128  0.105E+00  0.105E+00
  8.228  0.923E-01  0.923E-01
  8.328  0.786E-01  0.786E-01
  8.428  0.692E-01  0.692E-01
  8.528  0.653E-01  0.653E-01
  8.628  0.630E-01  0.630E-01
  8.728  0.573E-01  0.573E-01
  8.828  0.484E-01  0.484E-01
  8.928  0.417E-01  0.417E-01
  9.028  0.422E-01  0.422E-01
  9.128  0.494E-01  0.494E-01
  9.228  0.580E-01  0.580E-01
  9.328  0.637E-01  0.637E-01
  9.428  0.659E-01  0.659E-01
  9.528  0.669E-01  0.669E-01
  9.628  0.678E-01  0.678E-01
  9.728  0.672E-01  0.672E-01
  9.828  0.626E-01  0.626E-01
  9.928  0.537E-01  0.537E-01
 10.028  0.431E-01  0.431E-01
 10.128  0.334E-01  0.334E-01
 10.228  0.257E-01  0.257E-01
 10.328  0.201E-01  0.201E-01
 10.428  0.164E-01  0.164E-01
 10.528  0.142E-01  0.142E-01
 10.628  0.124E-01  0.124E-01
 10.728  0.106E-01  0.106E-01
 10.828  0.999E-02  0.999E-02
 10.928  0.127E-01  0.127E-01
 11.028  0.191E-01  0.191E-01
 11.128  0.265E-01  0.265E-01
 11.228  0.313E-01  0.313E-01
 11.328  0.323E-01  0.323E-01
 11.428  0.304E-01  0.304E-01
 11.528  0.270E-01  0.270E-01
 11.628  0.234E-01  0.234E-01
 11.728  0.205E-01  0.205E-01
 11.828  0.190E-01  0.190E-01
 11.928  0.188E-01  0.188E-01
 12.028  0.198E-01  0.198E-01
 12.128  0.219E-01  0.219E-01
 12.228  0.248E-01  0.248E-01
 12.328  0.281E-01  0.281E-01
 12.428  0.327E-01  0.327E-01
 12.528  0.395E-01  0.395E-01
 12.628  0.503E-01  0.503E-01
 12.728  0.673E-01  0.673E-01
 12.828  0.895E-01  0.895E-01
 12.928  0.109E+00  0.109E+00
 13.028  0.117E+00  0.117E+00
 13.128  0.115E+00  0.115E+00
 13.228  0.112E+00  0.112E+00
 13.328  0.113E+00  0.113E+00
 13.428  0.117E+00  0.117E+00
 13.528  0.123E+00  0.123E+00
 13.628  0.130E+00  0.130E+00
 13.728  0.136E+00  0.136E+00
 13.828  0.134E+00  0.134E+00
 13.928  0.126E+00  0.126E+00
 14.028  0.116E+00  0.116E+00
 14.128  0.116E+00  0.116E+00
 14.228  0.130E+00  0.130E+00
 14.328  0.147E+00  0.147E+00
 14.428  0.155E+00  0.155E+00
 14.528  0.146E+00  0.146E+00
 14.628  0.122E+00  0.122E+00
 14.728  0.910E-01  0.910E-01
 14.828  0.577E-01  0.577E-01
 14.928  0.290E-01  0.290E-01
 15.028  0.101E-01  0.102E-01
 15.128  0.102E-02  0.102E-02
 15.228 -0.165E-02 -0.166E-02
 15.328 -0.153E-02 -0.153E-02
 15.428 -0.822E-03 -0.822E-03
 15.528 -0.320E-03 -0.320E-03
 15.628 -0.960E-04 -0.958E-04
 15.728 -0.224E-04 -0.223E-04
 15.828 -0.408E-05 -0.407E-05
 15.928 -0.576E-06 -0.575E-06
 16.028 -0.630E-07 -0.628E-07
