# E (eV) pdosup(E)  pdosdw(E) 
-64.472 -0.929E-02 -0.929E-02
-64.372 -0.574E-01 -0.574E-01
-64.272 -0.253E+00 -0.253E+00
-64.172 -0.754E+00 -0.754E+00
-64.072 -0.131E+01 -0.131E+01
-63.972 -0.265E+00 -0.264E+00
-63.872  0.516E+01  0.516E+01
-63.772  0.150E+02  0.150E+02
-63.672  0.234E+02  0.234E+02
-63.572  0.228E+02  0.228E+02
-63.472  0.139E+02  0.139E+02
-63.372  0.427E+01  0.427E+01
-63.272 -0.557E+00 -0.557E+00
-63.172 -0.128E+01 -0.128E+01
-63.072 -0.681E+00 -0.681E+00
-62.972 -0.217E+00 -0.217E+00
-62.872 -0.474E-01 -0.473E-01
-62.772 -0.738E-02 -0.738E-02
-62.672 -0.842E-03 -0.842E-03
-62.572 -0.709E-04 -0.709E-04
-62.472 -0.447E-05 -0.447E-05
-62.372 -0.211E-06 -0.210E-06
-62.272 -0.748E-08 -0.748E-08
-62.172 -0.147E-09 -0.147E-09
-62.072  0.000E+00  0.000E+00
-61.972  0.000E+00  0.000E+00
-61.872  0.000E+00  0.000E+00
-61.772  0.000E+00  0.000E+00
-61.672  0.000E+00  0.000E+00
-61.572  0.000E+00  0.000E+00
-61.472  0.000E+00  0.000E+00
-61.372  0.000E+00  0.000E+00
-61.272  0.000E+00  0.000E+00
-61.172  0.000E+00  0.000E+00
-61.072  0.000E+00  0.000E+00
-60.972  0.000E+00  0.000E+00
-60.872  0.000E+00  0.000E+00
-60.772  0.000E+00  0.000E+00
-60.672  0.000E+00  0.000E+00
-60.572  0.000E+00  0.000E+00
-60.472  0.000E+00  0.000E+00
-60.372  0.000E+00  0.000E+00
-60.272  0.000E+00  0.000E+00
-60.172  0.000E+00  0.000E+00
-60.072  0.000E+00  0.000E+00
-59.972  0.000E+00  0.000E+00
-59.872  0.000E+00  0.000E+00
-59.772  0.000E+00  0.000E+00
-59.672  0.000E+00  0.000E+00
-59.572  0.000E+00  0.000E+00
-59.472  0.000E+00  0.000E+00
-59.372  0.000E+00  0.000E+00
-59.272  0.000E+00  0.000E+00
-59.172  0.000E+00  0.000E+00
-59.072  0.000E+00  0.000E+00
-58.972  0.000E+00  0.000E+00
-58.872  0.000E+00  0.000E+00
-58.772  0.000E+00  0.000E+00
-58.672  0.000E+00  0.000E+00
-58.572  0.000E+00  0.000E+00
-58.472  0.000E+00  0.000E+00
-58.372  0.000E+00  0.000E+00
-58.272  0.000E+00  0.000E+00
-58.172  0.000E+00  0.000E+00
-58.072  0.000E+00  0.000E+00
-57.972  0.000E+00  0.000E+00
-57.872  0.000E+00  0.000E+00
-57.772  0.000E+00  0.000E+00
-57.672  0.000E+00  0.000E+00
-57.572  0.000E+00  0.000E+00
-57.472  0.000E+00  0.000E+00
-57.372  0.000E+00  0.000E+00
-57.272  0.000E+00  0.000E+00
-57.172  0.000E+00  0.000E+00
-57.072  0.000E+00  0.000E+00
-56.972  0.000E+00  0.000E+00
-56.872  0.000E+00  0.000E+00
-56.772  0.000E+00  0.000E+00
-56.672  0.000E+00  0.000E+00
-56.572  0.000E+00  0.000E+00
-56.472  0.000E+00  0.000E+00
-56.372  0.000E+00  0.000E+00
-56.272  0.000E+00  0.000E+00
-56.172  0.000E+00  0.000E+00
-56.072  0.000E+00  0.000E+00
-55.972  0.000E+00  0.000E+00
-55.872  0.000E+00  0.000E+00
-55.772  0.000E+00  0.000E+00
-55.672  0.000E+00  0.000E+00
-55.572  0.000E+00  0.000E+00
-55.472  0.000E+00  0.000E+00
-55.372  0.000E+00  0.000E+00
-55.272  0.000E+00  0.000E+00
-55.172  0.000E+00  0.000E+00
-55.072  0.000E+00  0.000E+00
-54.972  0.000E+00  0.000E+00
-54.872  0.000E+00  0.000E+00
-54.772  0.000E+00  0.000E+00
-54.672  0.000E+00  0.000E+00
-54.572  0.000E+00  0.000E+00
-54.472  0.000E+00  0.000E+00
-54.372  0.000E+00  0.000E+00
-54.272  0.000E+00  0.000E+00
-54.172  0.000E+00  0.000E+00
-54.072  0.000E+00  0.000E+00
-53.972  0.000E+00  0.000E+00
-53.872  0.000E+00  0.000E+00
-53.772  0.000E+00  0.000E+00
-53.672  0.000E+00  0.000E+00
-53.572  0.000E+00  0.000E+00
-53.472  0.000E+00  0.000E+00
-53.372  0.000E+00  0.000E+00
-53.272  0.000E+00  0.000E+00
-53.172  0.000E+00  0.000E+00
-53.072  0.000E+00  0.000E+00
-52.972  0.000E+00  0.000E+00
-52.872  0.000E+00  0.000E+00
-52.772  0.000E+00  0.000E+00
-52.672  0.000E+00  0.000E+00
-52.572  0.000E+00  0.000E+00
-52.472  0.000E+00  0.000E+00
-52.372  0.000E+00  0.000E+00
-52.272  0.000E+00  0.000E+00
-52.172  0.000E+00  0.000E+00
-52.072  0.000E+00  0.000E+00
-51.972  0.000E+00  0.000E+00
-51.872  0.000E+00  0.000E+00
-51.772  0.000E+00  0.000E+00
-51.672  0.000E+00  0.000E+00
-51.572  0.000E+00  0.000E+00
-51.472  0.000E+00  0.000E+00
-51.372  0.000E+00  0.000E+00
-51.272  0.000E+00  0.000E+00
-51.172  0.000E+00  0.000E+00
-51.072  0.000E+00  0.000E+00
-50.972  0.000E+00  0.000E+00
-50.872  0.000E+00  0.000E+00
-50.772  0.000E+00  0.000E+00
-50.672  0.000E+00  0.000E+00
-50.572  0.000E+00  0.000E+00
-50.472  0.000E+00  0.000E+00
-50.372  0.000E+00  0.000E+00
-50.272  0.000E+00  0.000E+00
-50.172  0.000E+00  0.000E+00
-50.072  0.000E+00  0.000E+00
-49.972  0.000E+00  0.000E+00
-49.872  0.000E+00  0.000E+00
-49.772  0.000E+00  0.000E+00
-49.672  0.000E+00  0.000E+00
-49.572  0.000E+00  0.000E+00
-49.472  0.000E+00  0.000E+00
-49.372  0.000E+00  0.000E+00
-49.272  0.000E+00  0.000E+00
-49.172  0.000E+00  0.000E+00
-49.072  0.000E+00  0.000E+00
-48.972  0.000E+00  0.000E+00
-48.872  0.000E+00  0.000E+00
-48.772  0.000E+00  0.000E+00
-48.672  0.000E+00  0.000E+00
-48.572  0.000E+00  0.000E+00
-48.472  0.000E+00  0.000E+00
-48.372  0.000E+00  0.000E+00
-48.272  0.000E+00  0.000E+00
-48.172  0.000E+00  0.000E+00
-48.072  0.000E+00  0.000E+00
-47.972  0.000E+00  0.000E+00
-47.872  0.000E+00  0.000E+00
-47.772  0.000E+00  0.000E+00
-47.672  0.000E+00  0.000E+00
-47.572  0.000E+00  0.000E+00
-47.472  0.000E+00  0.000E+00
-47.372  0.000E+00  0.000E+00
-47.272  0.000E+00  0.000E+00
-47.172  0.000E+00  0.000E+00
-47.072  0.000E+00  0.000E+00
-46.972  0.000E+00  0.000E+00
-46.872  0.000E+00  0.000E+00
-46.772  0.000E+00  0.000E+00
-46.672  0.000E+00  0.000E+00
-46.572  0.000E+00  0.000E+00
-46.472  0.000E+00  0.000E+00
-46.372  0.000E+00  0.000E+00
-46.272  0.000E+00  0.000E+00
-46.172  0.000E+00  0.000E+00
-46.072  0.000E+00  0.000E+00
-45.972  0.000E+00  0.000E+00
-45.872  0.000E+00  0.000E+00
-45.772  0.000E+00  0.000E+00
-45.672  0.000E+00  0.000E+00
-45.572  0.000E+00  0.000E+00
-45.472  0.000E+00  0.000E+00
-45.372  0.000E+00  0.000E+00
-45.272  0.000E+00  0.000E+00
-45.172  0.000E+00  0.000E+00
-45.072  0.000E+00  0.000E+00
-44.972  0.000E+00  0.000E+00
-44.872  0.000E+00  0.000E+00
-44.772  0.000E+00  0.000E+00
-44.672  0.000E+00  0.000E+00
-44.572  0.000E+00  0.000E+00
-44.472  0.000E+00  0.000E+00
-44.372  0.000E+00  0.000E+00
-44.272  0.000E+00  0.000E+00
-44.172  0.000E+00  0.000E+00
-44.072  0.000E+00  0.000E+00
-43.972  0.000E+00  0.000E+00
-43.872  0.000E+00  0.000E+00
-43.772  0.000E+00  0.000E+00
-43.672  0.000E+00  0.000E+00
-43.572  0.000E+00  0.000E+00
-43.472  0.000E+00  0.000E+00
-43.372  0.000E+00  0.000E+00
-43.272  0.000E+00  0.000E+00
-43.172  0.000E+00  0.000E+00
-43.072  0.000E+00  0.000E+00
-42.972  0.000E+00  0.000E+00
-42.872  0.000E+00  0.000E+00
-42.772  0.000E+00  0.000E+00
-42.672  0.000E+00  0.000E+00
-42.572  0.000E+00  0.000E+00
-42.472  0.000E+00  0.000E+00
-42.372  0.000E+00  0.000E+00
-42.272  0.000E+00  0.000E+00
-42.172  0.000E+00  0.000E+00
-42.072  0.000E+00  0.000E+00
-41.972  0.000E+00  0.000E+00
-41.872  0.000E+00  0.000E+00
-41.772  0.000E+00  0.000E+00
-41.672  0.000E+00  0.000E+00
-41.572  0.000E+00  0.000E+00
-41.472  0.000E+00  0.000E+00
-41.372  0.000E+00  0.000E+00
-41.272  0.000E+00  0.000E+00
-41.172  0.000E+00  0.000E+00
-41.072  0.000E+00  0.000E+00
-40.972  0.000E+00  0.000E+00
-40.872  0.000E+00  0.000E+00
-40.772  0.000E+00  0.000E+00
-40.672  0.000E+00  0.000E+00
-40.572  0.000E+00  0.000E+00
-40.472  0.000E+00  0.000E+00
-40.372  0.000E+00  0.000E+00
-40.272  0.000E+00  0.000E+00
-40.172  0.000E+00  0.000E+00
-40.072  0.000E+00  0.000E+00
-39.972  0.000E+00  0.000E+00
-39.872  0.000E+00  0.000E+00
-39.772  0.000E+00  0.000E+00
-39.672  0.000E+00  0.000E+00
-39.572  0.000E+00  0.000E+00
-39.472  0.000E+00  0.000E+00
-39.372  0.000E+00  0.000E+00
-39.272  0.000E+00  0.000E+00
-39.172  0.000E+00  0.000E+00
-39.072  0.000E+00  0.000E+00
-38.972  0.000E+00  0.000E+00
-38.872  0.000E+00  0.000E+00
-38.772  0.000E+00  0.000E+00
-38.672  0.000E+00  0.000E+00
-38.572  0.000E+00  0.000E+00
-38.472  0.000E+00  0.000E+00
-38.372  0.000E+00  0.000E+00
-38.272  0.000E+00  0.000E+00
-38.172  0.000E+00  0.000E+00
-38.072  0.000E+00  0.000E+00
-37.972  0.000E+00  0.000E+00
-37.872  0.000E+00  0.000E+00
-37.772  0.000E+00  0.000E+00
-37.672  0.000E+00  0.000E+00
-37.572  0.000E+00  0.000E+00
-37.472  0.000E+00  0.000E+00
-37.372  0.000E+00  0.000E+00
-37.272  0.000E+00  0.000E+00
-37.172  0.000E+00  0.000E+00
-37.072  0.000E+00  0.000E+00
-36.972  0.000E+00  0.000E+00
-36.872  0.000E+00  0.000E+00
-36.772  0.000E+00  0.000E+00
-36.672  0.000E+00  0.000E+00
-36.572  0.000E+00  0.000E+00
-36.472  0.000E+00  0.000E+00
-36.372  0.000E+00  0.000E+00
-36.272  0.000E+00  0.000E+00
-36.172  0.000E+00  0.000E+00
-36.072  0.000E+00  0.000E+00
-35.972  0.000E+00  0.000E+00
-35.872  0.000E+00  0.000E+00
-35.772  0.000E+00  0.000E+00
-35.672  0.000E+00  0.000E+00
-35.572  0.000E+00  0.000E+00
-35.472  0.000E+00  0.000E+00
-35.372  0.000E+00  0.000E+00
-35.272  0.000E+00  0.000E+00
-35.172  0.000E+00  0.000E+00
-35.072  0.000E+00  0.000E+00
-34.972  0.000E+00  0.000E+00
-34.872  0.000E+00  0.000E+00
-34.772  0.000E+00  0.000E+00
-34.672  0.000E+00  0.000E+00
-34.572  0.000E+00  0.000E+00
-34.472  0.000E+00  0.000E+00
-34.372  0.000E+00  0.000E+00
-34.272  0.000E+00  0.000E+00
-34.172  0.000E+00  0.000E+00
-34.072  0.000E+00  0.000E+00
-33.972  0.000E+00  0.000E+00
-33.872  0.000E+00  0.000E+00
-33.772  0.000E+00  0.000E+00
-33.672  0.000E+00  0.000E+00
-33.572  0.000E+00  0.000E+00
-33.472  0.000E+00  0.000E+00
-33.372  0.000E+00  0.000E+00
-33.272  0.000E+00  0.000E+00
-33.172  0.000E+00  0.000E+00
-33.072  0.000E+00  0.000E+00
-32.972  0.000E+00  0.000E+00
-32.872  0.000E+00  0.000E+00
-32.772  0.000E+00  0.000E+00
-32.672  0.000E+00  0.000E+00
-32.572  0.000E+00  0.000E+00
-32.472  0.000E+00  0.000E+00
-32.372  0.000E+00  0.000E+00
-32.272  0.000E+00  0.000E+00
-32.172  0.000E+00  0.000E+00
-32.072  0.000E+00  0.000E+00
-31.972  0.000E+00  0.000E+00
-31.872  0.000E+00  0.000E+00
-31.772  0.000E+00  0.000E+00
-31.672  0.000E+00  0.000E+00
-31.572  0.000E+00  0.000E+00
-31.472  0.000E+00  0.000E+00
-31.372  0.000E+00  0.000E+00
-31.272  0.000E+00  0.000E+00
-31.172  0.000E+00  0.000E+00
-31.072  0.000E+00  0.000E+00
-30.972  0.000E+00  0.000E+00
-30.872  0.000E+00  0.000E+00
-30.772  0.000E+00  0.000E+00
-30.672  0.000E+00  0.000E+00
-30.572  0.000E+00  0.000E+00
-30.472  0.000E+00  0.000E+00
-30.372  0.000E+00  0.000E+00
-30.272  0.000E+00  0.000E+00
-30.172  0.000E+00  0.000E+00
-30.072  0.000E+00  0.000E+00
-29.972  0.000E+00  0.000E+00
-29.872  0.000E+00  0.000E+00
-29.772  0.000E+00  0.000E+00
-29.672  0.000E+00  0.000E+00
-29.572 -0.224E-09 -0.224E-09
-29.472 -0.923E-08 -0.923E-08
-29.372 -0.245E-06 -0.245E-06
-29.272 -0.491E-05 -0.492E-05
-29.172 -0.740E-04 -0.741E-04
-29.072 -0.833E-03 -0.833E-03
-28.972 -0.701E-02 -0.701E-02
-28.872 -0.433E-01 -0.433E-01
-28.772 -0.193E+00 -0.193E+00
-28.672 -0.597E+00 -0.597E+00
-28.572 -0.116E+01 -0.116E+01
-28.472 -0.831E+00 -0.831E+00
-28.372  0.250E+01  0.250E+01
-28.272  0.995E+01  0.995E+01
-28.172  0.194E+02  0.194E+02
-28.072  0.276E+02  0.276E+02
-27.972  0.339E+02  0.339E+02
-27.872  0.386E+02  0.386E+02
-27.772  0.395E+02  0.395E+02
-27.672  0.340E+02  0.340E+02
-27.572  0.232E+02  0.232E+02
-27.472  0.114E+02  0.114E+02
-27.372  0.296E+01  0.296E+01
-27.272 -0.739E+00 -0.740E+00
-27.172 -0.123E+01 -0.123E+01
-27.072 -0.688E+00 -0.688E+00
-26.972 -0.242E+00 -0.242E+00
-26.872 -0.593E-01 -0.593E-01
-26.772 -0.105E-01 -0.105E-01
-26.672 -0.138E-02 -0.138E-02
-26.572 -0.134E-03 -0.134E-03
-26.472 -0.977E-05 -0.977E-05
-26.372 -0.535E-06 -0.534E-06
-26.272 -0.220E-07 -0.220E-07
-26.172 -0.672E-09 -0.671E-09
-26.072  0.000E+00  0.000E+00
-25.972  0.000E+00  0.000E+00
-25.872  0.000E+00  0.000E+00
-25.772  0.000E+00  0.000E+00
-25.672  0.000E+00  0.000E+00
-25.572  0.000E+00  0.000E+00
-25.472  0.000E+00  0.000E+00
-25.372  0.000E+00  0.000E+00
-25.272  0.000E+00  0.000E+00
-25.172  0.000E+00  0.000E+00
-25.072  0.000E+00  0.000E+00
-24.972  0.000E+00  0.000E+00
-24.872  0.000E+00  0.000E+00
-24.772  0.000E+00  0.000E+00
-24.672  0.000E+00  0.000E+00
-24.572  0.000E+00  0.000E+00
-24.472  0.000E+00  0.000E+00
-24.372  0.000E+00  0.000E+00
-24.272  0.000E+00  0.000E+00
-24.172  0.000E+00  0.000E+00
-24.072  0.000E+00  0.000E+00
-23.972  0.000E+00  0.000E+00
-23.872  0.000E+00  0.000E+00
-23.772  0.000E+00  0.000E+00
-23.672  0.000E+00  0.000E+00
-23.572  0.000E+00  0.000E+00
-23.472  0.000E+00  0.000E+00
-23.372  0.000E+00  0.000E+00
-23.272  0.000E+00  0.000E+00
-23.172  0.000E+00  0.000E+00
-23.072  0.000E+00  0.000E+00
-22.972  0.000E+00  0.000E+00
-22.872  0.000E+00  0.000E+00
-22.772  0.000E+00  0.000E+00
-22.672  0.000E+00  0.000E+00
-22.572  0.000E+00  0.000E+00
-22.472  0.000E+00  0.000E+00
-22.372  0.000E+00  0.000E+00
-22.272  0.000E+00  0.000E+00
-22.172  0.000E+00  0.000E+00
-22.072  0.000E+00  0.000E+00
-21.972  0.000E+00  0.000E+00
-21.872  0.000E+00  0.000E+00
-21.772  0.000E+00  0.000E+00
-21.672  0.000E+00  0.000E+00
-21.572  0.000E+00  0.000E+00
-21.472  0.000E+00  0.000E+00
-21.372  0.000E+00  0.000E+00
-21.272  0.000E+00  0.000E+00
-21.172  0.000E+00  0.000E+00
-21.072  0.000E+00  0.000E+00
-20.972  0.000E+00  0.000E+00
-20.872  0.000E+00  0.000E+00
-20.772  0.000E+00  0.000E+00
-20.672  0.000E+00  0.000E+00
-20.572  0.000E+00  0.000E+00
-20.472  0.000E+00  0.000E+00
-20.372  0.000E+00  0.000E+00
-20.272  0.000E+00  0.000E+00
-20.172  0.000E+00  0.000E+00
-20.072  0.000E+00  0.000E+00
-19.972  0.000E+00  0.000E+00
-19.872  0.000E+00  0.000E+00
-19.772  0.000E+00  0.000E+00
-19.672  0.000E+00  0.000E+00
-19.572  0.000E+00  0.000E+00
-19.472  0.000E+00  0.000E+00
-19.372  0.000E+00  0.000E+00
-19.272  0.000E+00  0.000E+00
-19.172  0.000E+00  0.000E+00
-19.072  0.000E+00  0.000E+00
-18.972  0.000E+00  0.000E+00
-18.872  0.000E+00  0.000E+00
-18.772  0.000E+00  0.000E+00
-18.672  0.000E+00  0.000E+00
-18.572  0.000E+00  0.000E+00
-18.472  0.000E+00  0.000E+00
-18.372  0.000E+00  0.000E+00
-18.272  0.000E+00  0.000E+00
-18.172  0.000E+00  0.000E+00
-18.072  0.000E+00  0.000E+00
-17.972  0.000E+00  0.000E+00
-17.872  0.000E+00  0.000E+00
-17.772  0.000E+00  0.000E+00
-17.672  0.000E+00  0.000E+00
-17.572  0.000E+00  0.000E+00
-17.472  0.000E+00  0.000E+00
-17.372  0.000E+00  0.000E+00
-17.272  0.000E+00  0.000E+00
-17.172  0.000E+00  0.000E+00
-17.072  0.000E+00  0.000E+00
-16.972  0.000E+00  0.000E+00
-16.872  0.000E+00  0.000E+00
-16.772  0.000E+00  0.000E+00
-16.672  0.000E+00  0.000E+00
-16.572  0.000E+00  0.000E+00
-16.472  0.000E+00  0.000E+00
-16.372  0.000E+00  0.000E+00
-16.272  0.000E+00  0.000E+00
-16.172  0.000E+00  0.000E+00
-16.072  0.000E+00  0.000E+00
-15.972  0.000E+00  0.000E+00
-15.872  0.000E+00  0.000E+00
-15.772  0.000E+00  0.000E+00
-15.672  0.000E+00  0.000E+00
-15.572  0.000E+00  0.000E+00
-15.472  0.000E+00  0.000E+00
-15.372  0.000E+00  0.000E+00
-15.272  0.000E+00  0.000E+00
-15.172  0.000E+00  0.000E+00
-15.072  0.000E+00  0.000E+00
-14.972  0.000E+00  0.000E+00
-14.872  0.000E+00  0.000E+00
-14.772  0.000E+00  0.000E+00
-14.672  0.000E+00  0.000E+00
-14.572  0.000E+00  0.000E+00
-14.472  0.000E+00  0.000E+00
-14.372  0.000E+00  0.000E+00
-14.272  0.000E+00  0.000E+00
-14.172  0.000E+00  0.000E+00
-14.072  0.000E+00  0.000E+00
-13.972  0.000E+00  0.000E+00
-13.872  0.000E+00  0.000E+00
-13.772  0.000E+00  0.000E+00
-13.672  0.000E+00  0.000E+00
-13.572  0.000E+00  0.000E+00
-13.472  0.000E+00  0.000E+00
-13.372  0.000E+00  0.000E+00
-13.272  0.000E+00  0.000E+00
-13.172  0.000E+00  0.000E+00
-13.072  0.000E+00  0.000E+00
-12.972  0.000E+00  0.000E+00
-12.872  0.000E+00  0.000E+00
-12.772  0.000E+00  0.000E+00
-12.672  0.000E+00  0.000E+00
-12.572  0.000E+00  0.000E+00
-12.472  0.000E+00  0.000E+00
-12.372  0.000E+00  0.000E+00
-12.272  0.000E+00  0.000E+00
-12.172  0.000E+00  0.000E+00
-12.072  0.000E+00  0.000E+00
-11.972  0.000E+00  0.000E+00
-11.872  0.000E+00  0.000E+00
-11.772  0.000E+00  0.000E+00
-11.672  0.000E+00  0.000E+00
-11.572  0.000E+00  0.000E+00
-11.472  0.000E+00  0.000E+00
-11.372  0.000E+00  0.000E+00
-11.272  0.000E+00  0.000E+00
-11.172  0.000E+00  0.000E+00
-11.072  0.000E+00  0.000E+00
-10.972  0.000E+00  0.000E+00
-10.872  0.000E+00  0.000E+00
-10.772  0.000E+00  0.000E+00
-10.672  0.000E+00  0.000E+00
-10.572  0.000E+00  0.000E+00
-10.472  0.000E+00  0.000E+00
-10.372  0.000E+00  0.000E+00
-10.272  0.000E+00  0.000E+00
-10.172  0.000E+00  0.000E+00
-10.072  0.000E+00  0.000E+00
 -9.972  0.000E+00  0.000E+00
 -9.872  0.000E+00  0.000E+00
 -9.772  0.000E+00  0.000E+00
 -9.672  0.000E+00  0.000E+00
 -9.572  0.000E+00  0.000E+00
 -9.472  0.000E+00  0.000E+00
 -9.372  0.000E+00  0.000E+00
 -9.272  0.000E+00  0.000E+00
 -9.172  0.000E+00  0.000E+00
 -9.072  0.000E+00  0.000E+00
 -8.972  0.000E+00  0.000E+00
 -8.872  0.000E+00  0.000E+00
 -8.772  0.000E+00  0.000E+00
 -8.672  0.000E+00  0.000E+00
 -8.572  0.000E+00  0.000E+00
 -8.472  0.000E+00  0.000E+00
 -8.372  0.000E+00  0.000E+00
 -8.272  0.000E+00  0.000E+00
 -8.172  0.000E+00  0.000E+00
 -8.072  0.000E+00  0.000E+00
 -7.972  0.000E+00  0.000E+00
 -7.872  0.000E+00  0.000E+00
 -7.772  0.000E+00  0.000E+00
 -7.672  0.000E+00  0.000E+00
 -7.572  0.000E+00  0.000E+00
 -7.472  0.000E+00  0.000E+00
 -7.372  0.000E+00  0.000E+00
 -7.272  0.000E+00  0.000E+00
 -7.172  0.000E+00  0.000E+00
 -7.072  0.000E+00  0.000E+00
 -6.972  0.000E+00  0.000E+00
 -6.872  0.000E+00  0.000E+00
 -6.772  0.000E+00  0.000E+00
 -6.672  0.000E+00  0.000E+00
 -6.572  0.000E+00  0.000E+00
 -6.472  0.000E+00  0.000E+00
 -6.372  0.000E+00  0.000E+00
 -6.272  0.000E+00  0.000E+00
 -6.172  0.000E+00  0.000E+00
 -6.072  0.000E+00  0.000E+00
 -5.972  0.000E+00  0.000E+00
 -5.872  0.000E+00  0.000E+00
 -5.772  0.000E+00  0.000E+00
 -5.672  0.000E+00  0.000E+00
 -5.572 -0.718E-12 -0.718E-12
 -5.472 -0.313E-10 -0.313E-10
 -5.372 -0.865E-09 -0.865E-09
 -5.272 -0.181E-07 -0.181E-07
 -5.172 -0.287E-06 -0.287E-06
 -5.072 -0.343E-05 -0.343E-05
 -4.972 -0.311E-04 -0.311E-04
 -4.872 -0.212E-03 -0.212E-03
 -4.772 -0.108E-02 -0.108E-02
 -4.672 -0.402E-02 -0.402E-02
 -4.572 -0.107E-01 -0.107E-01
 -4.472 -0.181E-01 -0.181E-01
 -4.372 -0.106E-01 -0.106E-01
 -4.272  0.420E-01  0.420E-01
 -4.172  0.164E+00  0.164E+00
 -4.072  0.348E+00  0.348E+00
 -3.972  0.549E+00  0.549E+00
 -3.872  0.714E+00  0.714E+00
 -3.772  0.819E+00  0.819E+00
 -3.672  0.873E+00  0.873E+00
 -3.572  0.903E+00  0.903E+00
 -3.472  0.926E+00  0.926E+00
 -3.372  0.940E+00  0.939E+00
 -3.272  0.943E+00  0.943E+00
 -3.172  0.956E+00  0.956E+00
 -3.072  0.103E+01  0.103E+01
 -2.972  0.120E+01  0.120E+01
 -2.872  0.150E+01  0.150E+01
 -2.772  0.190E+01  0.190E+01
 -2.672  0.243E+01  0.243E+01
 -2.572  0.304E+01  0.304E+01
 -2.472  0.357E+01  0.357E+01
 -2.372  0.371E+01  0.371E+01
 -2.272  0.329E+01  0.329E+01
 -2.172  0.265E+01  0.265E+01
 -2.072  0.232E+01  0.232E+01
 -1.972  0.248E+01  0.248E+01
 -1.872  0.279E+01  0.279E+01
 -1.772  0.286E+01  0.286E+01
 -1.672  0.250E+01  0.250E+01
 -1.572  0.182E+01  0.182E+01
 -1.472  0.104E+01  0.104E+01
 -1.372  0.379E+00  0.379E+00
 -1.272  0.144E-01  0.144E-01
 -1.172 -0.855E-01 -0.855E-01
 -1.072 -0.627E-01 -0.627E-01
 -0.972 -0.258E-01 -0.258E-01
 -0.872 -0.725E-02 -0.725E-02
 -0.772 -0.145E-02 -0.145E-02
 -0.672 -0.214E-03 -0.214E-03
 -0.572 -0.235E-04 -0.234E-04
 -0.472 -0.192E-05 -0.192E-05
 -0.372 -0.119E-06 -0.118E-06
 -0.272 -0.551E-08 -0.551E-08
 -0.172 -0.193E-09 -0.193E-09
 -0.072 -0.314E-11 -0.312E-11
  0.028  0.000E+00  0.000E+00
  0.128  0.000E+00  0.000E+00
  0.228  0.000E+00  0.000E+00
  0.328  0.000E+00  0.000E+00
  0.428  0.000E+00  0.000E+00
  0.528  0.000E+00  0.000E+00
  0.628  0.000E+00  0.000E+00
  0.728  0.000E+00  0.000E+00
  0.828  0.000E+00  0.000E+00
  0.928  0.000E+00  0.000E+00
  1.028  0.000E+00  0.000E+00
  1.128  0.000E+00  0.000E+00
  1.228  0.000E+00  0.000E+00
  1.328  0.000E+00  0.000E+00
  1.428  0.000E+00  0.000E+00
  1.528  0.000E+00  0.000E+00
  1.628  0.000E+00  0.000E+00
  1.728  0.000E+00  0.000E+00
  1.828  0.000E+00  0.000E+00
  1.928  0.000E+00  0.000E+00
  2.028  0.000E+00  0.000E+00
  2.128  0.000E+00  0.000E+00
  2.228  0.000E+00  0.000E+00
  2.328  0.000E+00  0.000E+00
  2.428 -0.102E-11 -0.102E-11
  2.528 -0.626E-10 -0.626E-10
  2.628 -0.182E-08 -0.182E-08
  2.728 -0.396E-07 -0.396E-07
  2.828 -0.653E-06 -0.654E-06
  2.928 -0.816E-05 -0.816E-05
  3.028 -0.769E-04 -0.769E-04
  3.128 -0.544E-03 -0.544E-03
  3.228 -0.287E-02 -0.287E-02
  3.328 -0.110E-01 -0.110E-01
  3.428 -0.296E-01 -0.296E-01
  3.528 -0.497E-01 -0.497E-01
  3.628 -0.221E-01 -0.220E-01
  3.728  0.140E+00  0.140E+00
  3.828  0.484E+00  0.484E+00
  3.928  0.936E+00  0.936E+00
  4.028  0.134E+01  0.134E+01
  4.128  0.158E+01  0.158E+01
  4.228  0.173E+01  0.173E+01
  4.328  0.191E+01  0.191E+01
  4.428  0.224E+01  0.224E+01
  4.528  0.265E+01  0.265E+01
  4.628  0.301E+01  0.301E+01
  4.728  0.317E+01  0.317E+01
  4.828  0.315E+01  0.315E+01
  4.928  0.310E+01  0.310E+01
  5.028  0.313E+01  0.313E+01
  5.128  0.327E+01  0.327E+01
  5.228  0.337E+01  0.337E+01
  5.328  0.333E+01  0.333E+01
  5.428  0.313E+01  0.313E+01
  5.528  0.286E+01  0.286E+01
  5.628  0.266E+01  0.266E+01
  5.728  0.263E+01  0.263E+01
  5.828  0.275E+01  0.275E+01
  5.928  0.294E+01  0.294E+01
  6.028  0.310E+01  0.310E+01
  6.128  0.323E+01  0.323E+01
  6.228  0.331E+01  0.331E+01
  6.328  0.341E+01  0.341E+01
  6.428  0.362E+01  0.362E+01
  6.528  0.396E+01  0.396E+01
  6.628  0.448E+01  0.448E+01
  6.728  0.511E+01  0.511E+01
  6.828  0.556E+01  0.556E+01
  6.928  0.549E+01  0.549E+01
  7.028  0.492E+01  0.492E+01
  7.128  0.424E+01  0.424E+01
  7.228  0.367E+01  0.367E+01
  7.328  0.319E+01  0.319E+01
  7.428  0.289E+01  0.289E+01
  7.528  0.285E+01  0.285E+01
  7.628  0.298E+01  0.298E+01
  7.728  0.312E+01  0.312E+01
  7.828  0.316E+01  0.316E+01
  7.928  0.308E+01  0.308E+01
  8.028  0.287E+01  0.287E+01
  8.128  0.260E+01  0.260E+01
  8.228  0.237E+01  0.237E+01
  8.328  0.223E+01  0.223E+01
  8.428  0.221E+01  0.221E+01
  8.528  0.224E+01  0.224E+01
  8.628  0.224E+01  0.224E+01
  8.728  0.212E+01  0.212E+01
  8.828  0.191E+01  0.191E+01
  8.928  0.177E+01  0.177E+01
  9.028  0.192E+01  0.192E+01
  9.128  0.247E+01  0.247E+01
  9.228  0.332E+01  0.332E+01
  9.328  0.423E+01  0.423E+01
  9.428  0.498E+01  0.498E+01
  9.528  0.543E+01  0.543E+01
  9.628  0.555E+01  0.555E+01
  9.728  0.534E+01  0.534E+01
  9.828  0.481E+01  0.481E+01
  9.928  0.410E+01  0.410E+01
 10.028  0.339E+01  0.339E+01
 10.128  0.284E+01  0.284E+01
 10.228  0.244E+01  0.244E+01
 10.328  0.219E+01  0.219E+01
 10.428  0.206E+01  0.206E+01
 10.528  0.202E+01  0.202E+01
 10.628  0.193E+01  0.193E+01
 10.728  0.170E+01  0.170E+01
 10.828  0.141E+01  0.141E+01
 10.928  0.125E+01  0.125E+01
 11.028  0.129E+01  0.129E+01
 11.128  0.145E+01  0.145E+01
 11.228  0.161E+01  0.161E+01
 11.328  0.173E+01  0.173E+01
 11.428  0.186E+01  0.186E+01
 11.528  0.200E+01  0.200E+01
 11.628  0.210E+01  0.210E+01
 11.728  0.212E+01  0.212E+01
 11.828  0.214E+01  0.214E+01
 11.928  0.214E+01  0.214E+01
 12.028  0.216E+01  0.216E+01
 12.128  0.218E+01  0.218E+01
 12.228  0.220E+01  0.220E+01
 12.328  0.222E+01  0.222E+01
 12.428  0.226E+01  0.226E+01
 12.528  0.240E+01  0.240E+01
 12.628  0.274E+01  0.274E+01
 12.728  0.341E+01  0.341E+01
 12.828  0.435E+01  0.435E+01
 12.928  0.528E+01  0.528E+01
 13.028  0.592E+01  0.592E+01
 13.128  0.638E+01  0.638E+01
 13.228  0.695E+01  0.695E+01
 13.328  0.774E+01  0.774E+01
 13.428  0.856E+01  0.856E+01
 13.528  0.913E+01  0.913E+01
 13.628  0.916E+01  0.916E+01
 13.728  0.839E+01  0.839E+01
 13.828  0.699E+01  0.699E+01
 13.928  0.539E+01  0.539E+01
 14.028  0.424E+01  0.424E+01
 14.128  0.381E+01  0.381E+01
 14.228  0.396E+01  0.396E+01
 14.328  0.434E+01  0.434E+01
 14.428  0.461E+01  0.461E+01
 14.528  0.458E+01  0.458E+01
 14.628  0.418E+01  0.418E+01
 14.728  0.339E+01  0.339E+01
 14.828  0.231E+01  0.231E+01
 14.928  0.126E+01  0.126E+01
 15.028  0.501E+00  0.501E+00
 15.128  0.112E+00  0.111E+00
 15.228 -0.275E-01 -0.275E-01
 15.328 -0.488E-01 -0.488E-01
 15.428 -0.333E-01 -0.332E-01
 15.528 -0.157E-01 -0.157E-01
 15.628 -0.556E-02 -0.556E-02
 15.728 -0.150E-02 -0.149E-02
 15.828 -0.307E-03 -0.307E-03
 15.928 -0.481E-04 -0.481E-04
 16.028 -0.575E-05 -0.575E-05
